       0        0        0        0        0        0        0        0        0        0        0        0        0        0        0        0        0  1.01726        0 0.819249 0.822245 0.715237 0.611229 0.494223        0
       0        0        0        0        0        0        0        0        0        0        0        0        0        0        0        0 0.787277 0.954266  1.04926  1.05226  0.98625 0.757235 0.739234 0.582226        0
       0        0        0        0        0        0        0        0        0        0        0        0        0        0   1.0103 0.960301  1.33328  1.32728  1.23227  1.03126  1.02525 0.960246 0.767232 0.704229  0.43422
       0        0        0        0        0        0        0        0        0        0        0        0 0.727328 0.939321  1.52131  1.57931   1.5233  1.36728        0        0  1.00925 0.990252        0 0.721232 0.574225
       0        0        0        0        0        0        0        0        0        0        0 0.964348  1.56934  1.62433  1.62931  1.62931   1.5753   1.5693  1.45529        0        0 0.979252 0.928245 0.795238 0.554225
       0        0        0        0        0        0        0        0        0        0 0.953361  1.61736  1.62134  1.62333        0  1.62331  1.62131   1.5673  1.45129        0        0 0.958253  0.95125        0        0
       0        0        0        0        0        0        0        0   1.1994 0.934378  1.61237  1.61736      1.8  1.66435  1.66034        0  1.61631   1.5593   1.4973  1.38329  1.20028  1.04626        0        0        0
       0        0        0        0        0        0        0        0  1.48041  1.60739  1.65839  1.65937  1.66036  1.26135  1.66034        0  1.13432  1.60931  1.42929        0  1.14827        0        0        0        0
       0        0        0        0        0        0        0        0  1.12142   1.6034  1.65539  1.65439        0  1.29037        0        0  1.65333  1.60332        0        0        0        0        0        0        0
       0        0        0        0        0        0        0        0        0        0        0        0        0  1.28237        0 0.965357        0        0        0        0        0        0        0        0        0
       0        0        0        0        0        0        0        0        0        0        0        0        0        0 0.964359        0        0        0        0        0        0        0        0        0        0
       0        0        0        0        0        0        0        0        0        0        0  1.32441        0        0        0        0        0        0        0        0        0        0        0        0        0
       0        0        0        0        0        0        0        0        0        0        0        0        0        0        0        0        0        0        0        0        0        0        0        0        0
       0        0        0        0        0        0        0        0        0        0        0        0        0        0        0        0        0        0        0        0        0        0        0        0        0
       0        0        0        0        0        0        0        0        0        0        0        0        0        0        0        0        0        0        0        0        0        0        0        0        0
       0        0        0        0        0        0        0        0        0        0        0        0        0        0        0        0        0        0        0        0        0        0        0        0        0
       0        0        0        0        0        0        0        0        0        0        0        0        0        0        0        0        0        0        0        0        0        0        0        0        0
       0        0        0        0        0        0        0        0        0        0        0        0        0        0        0        0        0        0        0        0        0        0        0        0        0
       0        0        0        0        0        0        0        0        0        0        0        0        0        0        0        0        0        0        0        0        0        0        0        0        0
