       0        0        0        0        0        0        0        0        0        0        0        0        0        0        0        0        0        0        0        0        0        0        0        0        0
       0        0        0        0        0        0        0        0        0        0        0        0        0        0        0        0        0        0        0        0        0        0        0        0        0
       0        0        0        0        0        0        0        0        0        0        0        0        0        0        0        0        0        0        0        0        0        0        0        0        0
       0        0        0        0        0        0        0        0        0        0        0        0        0        0        0        0        0        0        0        0        0        0        0        0        0
       0        0        0        0        0        0        0        0        0        0        0        0        0        0        0        0        0        0        0        0        0        0        0        0        0
       0        0        0        0        0        0        0        0        0        0        0        0        0        0        0        0        0        0        0        0        0        0        0        0        0
       0        0        0        0        0        0        0        0  0.43227 0.480112        0        0        0        0        0        0        0        0        0        0        0        0        0        0        0
       0        0        0        0        0        0        0  0.81365 0.816406 0.632864  0.58735        0        0        0        0        0        0        0        0        0        0        0        0        0        0
       0        0        0        0        0 0.976509 0.976364 0.974543 0.867304 0.851519 0.783913 0.557509        0        0        0        0        0        0        0        0        0        0        0        0        0
       0        0        0        0        0 0.830158  1.20282  1.13545 0.959921 0.843193 0.829688 0.623603 0.441406        0        0        0        0        0        0        0        0        0        0        0        0
       0        0        0        0  0.80854  1.37301  1.31788        0 0.946166 0.946108 0.816253 0.795584  0.53092        0        0        0        0        0        0        0        0        0        0        0        0
       0        0        0  0.90881  1.49818  1.49915  1.42846        0        0 0.922308 0.907818 0.788431  0.57574        0        0        0        0        0        0        0        0        0        0        0        0
       0        0 0.686276  1.49057  1.56016  1.55789  1.49536  1.41854        0 0.948536 0.949408        0        0        0        0        0        0        0        0        0        0        0        0        0        0
       0        0  1.48098  1.60726  1.60912  1.15239  1.55199  1.48527  1.34467  1.20072  1.01024        0        0        0        0        0        0        0        0        0        0        0        0        0        0
       0  1.26355  1.54688  1.60436  1.60485  1.60228  1.54621  1.53971  1.40129        0        0        0        0        0        0        0        0        0        0        0        0        0        0        0        0
0.614067  1.53726  1.60169  1.32456        0  1.59984  1.24448  1.53856        0        0        0        0        0        0        0        0        0        0        0        0        0        0        0        0        0
  1.4588  1.59407  1.59603        0 0.873043        0        0  1.10416        0        0        0        0        0        0        0        0        0        0        0        0        0        0        0        0        0
 1.52672  1.59019        0        0  1.29787        0        0        0        0        0        0        0        0        0        0        0        0        0        0        0        0        0        0        0        0
       0        0        0        0  1.28523  1.28618        0        0        0        0        0        0        0        0        0        0        0        0        0        0        0        0        0        0        0
